optimiser:
  name: adam
  learning_rate: 0.009210753614
  eps: 0.00000000109691324260904
  b1: 0.6931346599
  b2: 0.9962483127
batch_size: 800
# validation_proportion: 0
